version https://git-lfs.github.com/spec/v1
oid sha256:ce2f561aeec29271d027148c1bee6dd4d7b3267bebedef8f67fd1114e7214b6e
size 11460248
